image: north-south-wings+podium_merge_border.pgm
#resolution: 0.025000
#origin: [-50.000000, -50.000000, 0.000000]
resolution: 0.050000
origin: [-100.500000, -100.000000, 0.000000]
negate: 0
occupied_thresh: 0.65
free_thresh: 0.196

