image: northwing-medialab_alignment1_threshold.pgm
#resolution: 0.025000
#origin: [-50.000000, -50.000000, 0.000000]
resolution: 0.05
origin: [-100.000000, -100.000000, 0.000000]
negate: 0
occupied_thresh: 0.65
free_thresh: 0.196

