image: Rockin2014.pgm
resolution: 0.05
origin: [-17.525000, -17.525000, 0.000000]
negate: 0
occupied_thresh: 0.65
free_thresh: 0.195
